-4833 984 252 -4234 3256 354
143 1980 805 -3319 4346 453
4970 3175 121 3989 202 566
-1902 4385 261 -4357 -365 153
-1884 3628 315 -1889 149 967
1750 -368 524 -162 217 950
-30 1291 918 -3756 2862 124
4256 -1229 181 -987 4611 81
1703 3044 905 -1984 1509 60
-3232 -336 718 -2510 4664 186
-3149 -2634 141 -935 4593 785
4278 1315 166 3540 108 773
-4319 -1022 130 -4182 954 588
-2832 -1106 750 -4909 -3643 543
3735 4729 279 -4076 574 30
4797 1103 735 -678 1099 663
-4895 3704 293 4973 2586 924
3382 828 861 -3485 1580 901
2980 -1635 338 -1056 3004 725
-4751 1871 162 107 -2261 866
3335 -3834 671 -3909 3815 58
2198 -3814 653 3179 4150 770
-2030 1746 311 -1597 -1224 479
4788 1366 808 3023 1166 703
-472 -1885 163 4134 -778 647
1544 596 18 -1996 -2449 158
2080 -4367 154 4440 -2843 644
-276 -1668 670 3600 -4856 248
1073 -2720 129 3025 -2629 174
2603 -2997 324 -1654 730 353
3705 4722 313 4559 -4035 880
489 -1962 232 -1349 2529 796
-3018 -760 910 -2492 3326 162
-3433 1902 435 -480 -4270 558
3300 308 743 -117 2271 228
2335 2472 486 4378 1877 265
1023 4196 185 348 3669 544
2049 2064 774 586 -4951 999
4706 -1412 138 3882 1324 416
-2292 -2815 133 521 -648 9
-3264 -748 787 -4487 4448 612
-4396 -2876 194 -4248 -434 61
-1144 -1869 749 540 4813 789
2153 -19 478 -2509 2048 807
3447 2236 616 3661 -1184 934
3043 -3926 689 3366 -1151 768
1521 -2985 916 -2007 -4415 425
2969 680 405 4529 1196 724
-3271 -4537 65 -15 -4794 781
1762 -1826 320 -1678 -4673 614